3,"22#",39,88.5,,,,,,,,,,
3,,"合计：",1093.5,8,21,282,1317.9,0,0,0,241,,69
4,"22#",39,719,,,152.5,,,,,90,,38
5,"22#",39,673,17,317.5,190,,,,,119,,130
10,"22#",75,,,,,,,,,84,,
11,"22#",39,400,4,,49.7,,,,,,,6.8
11,,"合计：",1811.5,4,422.5,91.2,610.7,2040.2,0,579.5,137,,64.8
12,"22#",39,988,,25,20,,,,,20,,52
13,"22#",39,497.8,,149.5,42.7,,,,,20,,68
18,"22#",39,,,,10,,,,,,,
18,,"合计：",3410.8,72.5,1066.7,232,1455.4,1407.4,0,567,517,,116
19,"22#",39,,,,83,,,,,165,,17
19,,"合计：",966,13,240,294,1449.1,53,0,34,370,,59
20,"22#",39,,,,283.5,,,,,,,1
21,"22#",39,,,,,33,381.5,,,,,,,18
21,,"合计：",1824.5,225,297,55.5,42,550,1444.1,39.2,0,30,344,7,63
