6,"34#",75,,,,4,,,,,40,,
6,,"合计：",377.5,27,1382.6,1035,0,151.7,0,0,45,,61
7,"34#",75,26.5,,,,,,,,,,
8,"34#",75,261.5,,6,25.5,,,,,40,,3
8,,"合计：",1506.9,40.3,132,104,80.2,775.1,0,286,105,,108.5
9,"34#",75,875,,192,,,,,,7.5,,3
10,"34#",75,593,,322,118,,,,,,,5
11,"34#",75,38,,138,6,,,,,,,
13,"34#",75,,,,,,,,,13,,
13,,"合计：",758.8,29,232.5,42.7,0,21,0,0,93,,71
14,"34#",75,,,,,,,,,100,,20
15,"34#",75,6,,,,,,,,70,,
16,"34#",75,70,,3,,,,,,,,
17,"34#",75,730,,68,,,,,,3,,8
18,"34#",75,1127,,293,10,,,,,15,,40
19,"34#",75,212.5,,122.5,4,,,,,30,,21
22,"34#",75,,,,,,,,,,,30,,
22,,"合计：",2178,0,367.5,205.7,36.5,20,2122.9,18.7,0,34,94,43,103
24,"34#",75,,,,,,,,,,,24,,
25,"34#",75,24,,9,,,,,,,,,,4
26,"34#",75,144.5,,126.5,73,187,,,,,,,,
27,"34#",75,42,,25,17,66,103,,,,,,,35
