7,"35#",66,5,,,,,,,,60,,56
8,"35#",66,1.6,,,,,,,,45,,
9,"35#",66,542,,28.5,2.5,,,,,7,,3
10,"35#",66,1151.9,,315.5,71,,,,,,,18
11,"35#",66,648,,138.5,24.5,,,,,,,32
14,"35#",66,,,,3,,,,,60,,11
14,,"合计：",6,0,3,28.5,195.5,104.2,0,0,308,,97.5
15,"35#",66,,,,,,,,,20,,
15,,"合计：",584,2.5,87.5,25.5,976.7,37,0,0,460,,78
16,"35#",66,50.5,1,1,,,,,,30,,
17,"35#",66,540,16,12,,,,,,,,4
18,"35#",66,710,36,138,72.5,,,,,8,,9
19,"35#",66,747.5,13,109.5,20,,,,,5,,
25,"35#",,1.8,2.7,1.5,,,,,,,,,,
26,"35#",66,133,8.5,149,62,,4,,,,,,,19
27,"35#",66,132.6,,249,243.5,38,82,,,,,40,,24
