8,"39#",82,2,,,3,,52,,,,,
9,"39#",82,46,,3.5,17,178.2,84.7,,,,,
10,"39#",82,61,,23,5,558.7,193.2,,82,,,
11,"39#",82,18,,7,1,,902,,225.5,,,
12,"39#",82,,,,,111,189,,87,110,20,
15,"39#",82,,,,,,37,,,30,10,
16,"39#",82,4,,,7,,279.7,,,,3,
17,"39#",82,47.5,6,3,16.5,,638,,187,,,
18,"39#",82,58,,22,5,246.7,298.5,,256,,,
19,"39#",82,4,,5,,434.7,,,,50,,21
23,"39#",82,,,,,,,11.2,12.5,,,,,
24,"39#",82,,,,,,9,3.2,348.2,84,,,,
25,"39#",82,,,,,,32,,446.7,163,7,,"182膜平",
26,"39#",82,,,,,,41.5,247.5,131.5,56,60,,164,3
