7,"4#",30,250,15,18,,,,,,,,
8,"4#",30,441.8,37.8,47.5,,,,,,20,,12
9,"4#",30,326,,112.5,,,,,,,,7
10,"4#",30,333.5,,196,,,,,,,,16
11,"4#",30,76.5,,81,6.5,,,,,60,,3
12,"4#",30,,,,,,,,,75,,
12,,"合计：",1675.5,0,146,63.5,369.9,632.7,0,123,396,,72
14,"4#",30,,,,,,,,,,,59
15,"4#",30,292.5,,40,,,,,,,,66
16,"4#",30,446.5,63,168,,,,,,,,75.5
17,"4#",30,243,14.5,148,76,,,,,30,,29
18,"4#",30,158,27.5,116.5,,,,,,120,,2
21,"4#",30,,,,,,,,,,,42,,
22,"4#",30,,,,,,,,,,,,,30
23,"4#",30,,,,,,126,,,,,,,21
23,,"合计：",737.5,2,198.5,78.5,0,139.5,1494.7,764.8,157,368,274,39,269.5
24,"4#",30,,,,,16.5,235.7,,,,,,,53.4
25,"4#",30,,,,,,234,,,,,,,2
26,"4#",30,,,,,,106,,,,,40,,27
