8,"41#",39,,,,,,22.5,,,,7,
9,"41#",39,,,,,66.2,79.5,,11,,,
10,"41#",39,,,,,273.5,273.5,,,6,,
10,,"合计：",3184.4,2,1996,476,2282.6,466.7,0,82,141,,93
11,"41#",39,,,,,,1138.2,,354,,,
12,"41#",39,,,,,171.2,443.7,,36,191,22,
15,"41#",,,,,,,,,,110,,
17,"41#",39,,,,,51,250,,,,12.5,
18,"41#",39,,,,,138.5,616,,311,14,12,
19,"41#",39,,,,,628.2,53,,34,,,
20,"41#",39,,,,,105.5,,,,,3,
23,"41#",39,,,,,,,,,,28,,18,
24,"41#",39,,,,,,,,219.2,48,130,,,
24,,"合计：",2578.7,203.7,192.8,19,55.5,522.9,6.9,1485.7,300.5,130,32,2,114.3
25,"41#",39,,,,,,,,182.7,63,,,"542.2膜平",
26,"41#",39,,,,,,,200.7,314.7,65,,,66.5,
27,"41#",,,,,,,,129.7,3.7,,130,,21,
