1,"66#",30,,,,,98.2,,,,,,
1,,121,,,,,89.7,,,,2,,
2,"66#",30,,,,,"切187.7",,,,,,
2,,121,,,,,"切247",,,,49,,
3,"66#",30,,,,,265.2,,,,7,,
3,,121,,,,,390.7,,,,84,,
4,"66#",121,,,,,161,53.5,,23,77,7,
4,,30,,,,,182.5,14.5,,82,6,,
5,"66#",30,,,,,,6,,60,,3.7,
7,"66#",30,,,,,,,,,25,5,
7,,121,,,,,3.7,,,,,,
8,"66#",30,,,,,,66.7,,,,,
8,,121,,,,,40.2,15,,,,14,
9,"66#",121,,,,,140.7,77,,,60,,
9,,30,,,,,55.2,59,,,,4,
10,"66#",30,,,,,275.2,,,,,4,
10,,121,,,,,339.5,,,,18,,
11,"66#",121,,,,,163,,,,21,,
11,,30,,,,,317.5,,,,8,,
12,"66#",30,,,,,87.7,,,,,,
16,"66#",121,,,,,83.2,213.7,,,,9,
16,,30,,,,,,28,,,,,
17,"66#",30,,,,,,201.5,,,,,
17,,121,,,,,145.2,260.5,,,,,
18,"66#",30,,,,,229.5,52.2,,,100,30,
18,,121,,,,,280.2,,,,160,34,
19,"66#",121,,,,,105.7,,,,,,
19,,30,,,,,169.2,,,,,17,
