5,"67#",27,,,,,,3.7,,,,,
5,,"合计：",940,17,445.5,1015,0,9.7,0,60,320,,133.5
6,"67#",27,,,,,,22.2,,,,,
6,,24,,,,,,129.5,,,,,
7,"67#",27,,,,,,184.7,,,,,
7,,24,,,,,,415,,,30,7,
8,"67#",27,,,,,,190.2,,196,,,
8,,24,,,,,,428.7,,90,,25,
9,"67#",27,,,,,360,122,,63,,2,
9,,24,,,,,191.7,69.5,,140,8,,
10,"67#",27,,,,,313,,,,6,,
10,,24,,,,,125,,,,7,,
11,"67#",27,,,,,93.7,,,,,,
14,"67#",24,,,,,45,38.7,,,,37,
15,"67#",27,,,,,23,,,,,,
15,,24,,,,,241,,,,,,
16,"67#",24,,,,,235.8,249.2,,,,,
16,,27,,,,,17.8,80.1,,,,,
17,"67#",27,,,,,63.8,298.1,,,,,
17,,24,,,,,207.7,130.7,,,,,
18,"67#",27,,,,,129,324.5,,,,7,
19,"67#",27,,,,,75.6,,,,,,
22,"67#",24,,,,,,,33.7,,,,,23,
23,"67#",24,,,,,,,9.1,91,,,,,
24,"67#",27,,,,,,,,122.8,,,,,
24,,24,,,,,,,,250.2,,,,,
25,"67#",24,,,,,,,,86.4,,,,,
25,,27,,,,,,,109.2,150.1,,,,,
26,"67#",24,,,,,,,204.7,4.3,,,,6,
26,,27,,,,,,,262.5,,,,,,
27,"67#",27,,,,,,,124.6,,,30,,,
