13,"68#",30,,,,,,21,,,,2,
14,"68#",30,,,,,80.5,52,,,,,
14,,121,,,,,70,,,,20,18,
15,"68#",30,,,,,361.5,,,,15,,
15,,121,,,,,267.2,,,,40,,
16,"68#",30,,,,,422.2,112.2,,112,15,3.5,
16,,121,,,,,260,163,,94,,,
17,"68#",30,,,,,188,83.5,,,90,,
17,,121,,,,,285,111.2,,39,,,
18,"68#",30,,,,,,106.5,,,,40,
18,,121,,,,,97,,,,,,
20,"68#",30,,,,,,,,,30,31,
20,,"合计：",232.5,30,25,560,615.2,44.5,0,0,113,,40
21,"68#",121,,,,,,,10.7,,,,,,
21,,30,,,,,,,11.7,35,,,,,
22,"68#",121,,,,,,,77,12.2,,8,,3,
22,,30,,,,,,,115,,,12,,5,
23,"68#",30,,,,,,,153.7,42.2,45.5,4,,,
23,,121,,,,,,,70.5,171.7,16,,,,
24,"68#",30,,,,,,,,219.7,132,,,,
24,,121,,,,,,,,298,36.5,,,,
25,"68#",30,,,,,,,,115.2,42.5,,,,
25,,121,,,,,,,,242.2,48,15,,6,
26,"68#",121,,,,,,,62,,,,,,
29,"68#",30,,,,,,,,30.2,,20,,,
29,,121,,,,,,,,4.2,,40,,,
30,"68#",121,,,,,,,,126.5,,,,,
30,,30,,,,,,,,166.3,,,,,
31,"68#",121,,,,,,,,159.6,9.5,2,,5,
31,,30,,,,,,,,218.2,67,,,,
